[gd_scene format=3 uid="uid://bgovcv82vyf6c"]

[ext_resource type="Script" uid="uid://cetbn6keakb7e" path="res://character/view/view.gd" id="1_ou25t"]
[ext_resource type="ArrayMesh" uid="uid://cpo5ca6asxefq" path="res://assets/characters/barbarian/ArmLeft.res" id="2_y7h3y"]
[ext_resource type="ArrayMesh" uid="uid://ur2uf3dqvm4i" path="res://assets/characters/barbarian/ArmRight.res" id="3_linr0"]
[ext_resource type="ArrayMesh" uid="uid://doygye27qxmn0" path="res://assets/characters/barbarian/BearHat.res" id="4_2hfo4"]
[ext_resource type="ArrayMesh" uid="uid://2f6parwdqu7r" path="res://assets/characters/barbarian/Body.res" id="5_2f1i4"]
[ext_resource type="ArrayMesh" uid="uid://dnukgdp3p5q4j" path="res://assets/characters/barbarian/Head.res" id="6_fstip"]
[ext_resource type="ArrayMesh" uid="uid://bhc5f0hvy6lnb" path="res://assets/characters/barbarian/LegLeft.res" id="7_5e4hs"]
[ext_resource type="ArrayMesh" uid="uid://diewfgyt48aow" path="res://assets/characters/barbarian/LegRight.res" id="8_rjlvu"]

[sub_resource type="Skin" id="Skin_hxgh2"]
resource_name = "Skin"
bind_count = 23
bind/0/name = &"root"
bind/0/bone = -1
bind/0/pose = Transform3D(1, 0, -2.3841855e-07, 0, 1, 0, 2.3841855e-07, 0, 1, 0, 0, 0)
bind/1/name = &"hips"
bind/1/bone = -1
bind/1/pose = Transform3D(1, 0, 0, 0, 1, 0, 0, 0, 1, 0, -0.40566343, 0)
bind/2/name = &"spine"
bind/2/bone = -1
bind/2/pose = Transform3D(1, 0, -1.4210855e-14, 0, 1, 0, 1.4210855e-14, 0, 1, 0, -0.59764093, 0)
bind/3/name = &"chest"
bind/3/bone = -1
bind/3/pose = Transform3D(1, 0, -1.4210854e-14, 0, 1.0000001, 0, 1.4210854e-14, 0, 1, 0, -0.97262895, 0)
bind/4/name = &"upperarm.l"
bind/4/bone = -1
bind/4/pose = Transform3D(0.05729549, -1.3410366e-07, 0.99835753, 0.99835753, 3.9647796e-09, -0.05729569, 3.3244254e-09, 1.0000002, 1.2294612e-07, -0.012147002, -0.21165913, -1.1067613)
bind/5/name = &"lowerarm.l"
bind/5/bone = -1
bind/5/pose = Transform3D(-0.053297255, -9.514964e-09, 0.9985789, 0.99857897, -9.953018e-10, 0.053297054, 8.5924594e-11, 1.0000002, -1.6099023e-09, 0.038010545, -0.45212415, -1.1067613)
bind/6/name = &"wrist.l"
bind/6/bone = -1
bind/6/pose = Transform3D(-3.725292e-09, -8.936492e-09, 1.0000002, 1.0000002, -4.0084122e-10, -1.9744049e-07, 1.3606717e-18, 1.0000002, -2.227898e-09, -7.313433e-08, -0.7131817, -1.1067613)
bind/7/name = &"hand.l"
bind/7/bone = -1
bind/7/pose = Transform3D(-1.2159625e-26, -8.936492e-09, 1.0000002, 1.0000002, -4.008412e-10, -2.0116576e-07, -4.135905e-25, 1.0000002, -2.227898e-09, -7.606616e-08, -0.7870076, -1.1067613)
bind/8/name = &"handslot.l"
bind/8/bone = -1
bind/8/pose = Transform3D(-1.0000002, -4.352648e-09, -3.819581e-09, -2.3841864e-07, -8.936492e-09, 1.0000002, -4.7534914e-09, 1.0000002, -2.227898e-09, 0.88313264, 1.3397522e-07, -1.0492613)
bind/9/name = &"head"
bind/9/bone = -1
bind/9/pose = Transform3D(1, 0, -1.4210855e-14, 0, 1.0000001, 0, 1.4210855e-14, 0, 1, 0, -1.2414255, 0)
bind/10/name = &"upperarm.r"
bind/10/bone = -1
bind/10/pose = Transform3D(0.05729549, 1.3410366e-07, -0.99835753, -0.99835753, 3.9647796e-09, -0.05729569, -3.3244254e-09, 1.0000002, 1.2294612e-07, 0.012147002, -0.21165913, -1.1067613)
bind/11/name = &"lowerarm.r"
bind/11/bone = -1
bind/11/pose = Transform3D(-0.053297255, 9.514964e-09, -0.9985789, -0.99857897, -9.953018e-10, 0.053297054, -8.5924594e-11, 1.0000002, -1.6099023e-09, -0.038010545, -0.45212415, -1.1067613)
bind/12/name = &"wrist.r"
bind/12/bone = -1
bind/12/pose = Transform3D(-3.725292e-09, 8.936492e-09, -1.0000002, -1.0000002, -4.0084122e-10, -1.9744049e-07, -1.3606717e-18, 1.0000002, -2.227898e-09, 7.313433e-08, -0.7131817, -1.1067613)
bind/13/name = &"hand.r"
bind/13/bone = -1
bind/13/pose = Transform3D(-1.2159625e-26, 8.936492e-09, -1.0000002, -1.0000002, -4.008412e-10, -2.0116576e-07, 4.135905e-25, 1.0000002, -2.227898e-09, 7.606616e-08, -0.7870076, -1.1067613)
bind/14/name = &"handslot.r"
bind/14/bone = -1
bind/14/pose = Transform3D(-1.0000002, 4.352591e-09, 3.819581e-09, 2.3841864e-07, -8.936492e-09, 1.0000002, 4.7534345e-09, 1.0000002, -2.227898e-09, -0.88313264, 1.3397522e-07, -1.0492613)
bind/15/name = &"upperleg.l"
bind/15/bone = -1
bind/15/pose = Transform3D(1, -1.3659307e-07, -1.5161844e-07, -1.3124303e-07, -0.99939644, 0.034742657, -1.5626951e-07, -0.034742657, -0.99939597, -0.17094499, 0.5189373, 0.018040188)
bind/16/name = &"lowerleg.l"
bind/16/bone = -1
bind/16/pose = Transform3D(1, 7.3804846e-10, -4.0999537e-09, 5.86031e-13, -0.984181, -0.17716601, -4.162873e-09, 0.17716613, -0.98418057, -0.17094503, 0.289084, -0.044022996)
bind/17/name = &"foot.l"
bind/17/bone = -1
bind/17/pose = Transform3D(1, -1.6928703e-09, -1.7557132e-09, -2.0742292e-12, -0.719873, 0.6941057, -2.4367008e-09, -0.694106, -0.71987265, -0.17094503, 0.11745294, 0.08743056)
bind/18/name = &"toes.l"
bind/18/bone = -1
bind/18/pose = Transform3D(-1, 1.5343471e-07, -6.460088e-15, -3.0319768e-12, 5.960463e-08, 0.99999976, 1.5343466e-07, 1, -2.9802315e-08, 0.17094503, -0.09639277, -0.025990315)
bind/19/name = &"upperleg.r"
bind/19/bone = -1
bind/19/pose = Transform3D(1, 1.3659307e-07, 1.5161844e-07, 1.3124303e-07, -0.99939644, 0.034742657, 1.5626951e-07, -0.034742657, -0.99939597, 0.17094499, 0.5189373, 0.018040188)
bind/20/name = &"lowerleg.r"
bind/20/bone = -1
bind/20/pose = Transform3D(1, -7.380434e-10, 4.0999257e-09, -5.924148e-13, -0.984181, -0.17716601, 4.1628456e-09, 0.17716613, -0.98418057, 0.17094503, 0.289084, -0.044022996)
bind/21/name = &"foot.r"
bind/21/bone = -1
bind/21/pose = Transform3D(1, 1.6928463e-09, 1.7556883e-09, 2.0700104e-12, -0.719873, 0.6941057, 2.4366615e-09, -0.694106, -0.71987265, 0.17094503, 0.11745294, 0.08743056)
bind/22/name = &"toes.r"
bind/22/bone = -1
bind/22/pose = Transform3D(-1, -1.5343467e-07, 1.0123822e-14, 3.0390822e-12, 5.960463e-08, 0.99999976, -1.5343463e-07, 1, -2.9802315e-08, -0.17094503, -0.09639277, -0.025990315)

[node name="View" type="Node3D" unique_id=500930464]
script = ExtResource("1_ou25t")

[node name="ArmLeft" type="MeshInstance3D" parent="." unique_id=1635285804]
mesh = ExtResource("2_y7h3y")
skin = SubResource("Skin_hxgh2")

[node name="ArmRight" type="MeshInstance3D" parent="." unique_id=282692557]
mesh = ExtResource("3_linr0")
skin = SubResource("Skin_hxgh2")
skeleton = NodePath("..")

[node name="Hat" type="MeshInstance3D" parent="." unique_id=206616636]
mesh = ExtResource("4_2hfo4")
skin = SubResource("Skin_hxgh2")
skeleton = NodePath("..")

[node name="Body" type="MeshInstance3D" parent="." unique_id=1128027527]
mesh = ExtResource("5_2f1i4")
skin = SubResource("Skin_hxgh2")
skeleton = NodePath("..")

[node name="Head" type="MeshInstance3D" parent="." unique_id=2004156502]
mesh = ExtResource("6_fstip")
skin = SubResource("Skin_hxgh2")
skeleton = NodePath("..")

[node name="LegLeft" type="MeshInstance3D" parent="." unique_id=994799061]
mesh = ExtResource("7_5e4hs")
skin = SubResource("Skin_hxgh2")
skeleton = NodePath("..")

[node name="LegRight" type="MeshInstance3D" parent="." unique_id=1754283338]
mesh = ExtResource("8_rjlvu")
skin = SubResource("Skin_hxgh2")
skeleton = NodePath("..")
